22
0 7585 4461 10364 9818 8952 4122 2262 4440 5769 2139 3521 3612 7486 11357 4983 5965 10714 3554 6905 8549 2534
7585 0 4712 3659 3113 2247 5105 7933 4993 3266 6572 9192 9283 1935 4652 4262 2210 4009 5379 2340 1844 6021
4461 4712 0 7491 6945 6079 1981 4809 1869 2896 3448 6068 6159 4613 8484 2110 3092 7841 2255 4032 5676 2897
10364 3659 7491 0 1524 2562 7884 10712 7772 6045 9351 11971 12062 4714 2409 7041 4989 1766 8158 5119 3725 8800
9818 3113 6945 1524 0 2016 7338 10166 7226 5499 8805 11425 11516 4168 2517 6495 4443 1874 7612 4573 3179 8254
8952 2247 6079 2562 2016 0 6472 9300 6360 4633 7939 10559 10650 3302 3555 5629 3577 2912 6746 3707 2313 7388
4122 5105 1981 7884 7338 6472 0 4470 1960 3289 3109 5729 5820 5006 8877 2503 3485 8234 1916 4425 6069 2558
2262 7933 4809 10712 10166 9300 4470 0 4788 6117 2487 1921 2012 7834 11705 5331 6313 11062 3902 7253 8897 2882
4440 4993 1869 7772 7226 6360 1960 4788 0 3177 3427 6047 6138 4894 8765 2391 3373 8122 2234 4313 5957 2876
5769 3266 2896 6045 5499 4633 3289 6117 3177 0 4756 7376 7467 3167 7038 2446 1646 6395 3563 2586 4230 4205
2139 6572 3448 9351 8805 7939 3109 2487 3427 4756 0 3746 3837 6473 10344 3970 4952 9701 2541 5892 7536 1521
3521 9192 6068 11971 11425 10559 5729 1921 6047 7376 3746 0 1749 9093 12964 6590 7572 12321 5161 8512 10156 4141
3612 9283 6159 12062 11516 10650 5820 2012 6138 7467 3837 1749 0 9184 13055 6681 7663 12412 5252 8603 10247 4232
7486 1935 4613 4714 4168 3302 5006 7834 4894 3167 6473 9093 9184 0 5707 4163 2111 5064 5280 2241 2899 5922
11357 4652 8484 2409 2517 3555 8877 11705 8765 7038 10344 12964 13055 5707 0 8034 5982 1015 9151 6112 4718 9793
4983 4262 2110 7041 6495 5629 2503 5331 2391 2446 3970 6590 6681 4163 8034 0 2642 7391 2777 3582 5226 3419
5965 2210 3092 4989 4443 3577 3485 6313 3373 1646 4952 7572 7663 2111 5982 2642 0 5339 3759 1530 3174 4401
10714 4009 7841 1766 1874 2912 8234 11062 8122 6395 9701 12321 12412 5064 1015 7391 5339 0 8508 5469 4075 9150
3554 5379 2255 8158 7612 6746 1916 3902 2234 3563 2541 5161 5252 5280 9151 2777 3759 8508 0 4699 6343 1990
6905 2340 4032 5119 4573 3707 4425 7253 4313 2586 5892 8512 8603 2241 6112 3582 1530 5469 4699 0 3304 5341
8549 1844 5676 3725 3179 2313 6069 8897 5957 4230 7536 10156 10247 2899 4718 5226 3174 4075 6343 3304 0 6985
2534 6021 2897 8800 8254 7388 2558 2882 2876 4205 1521 4141 4232 5922 9793 3419 4401 9150 1990 5341 6985 0
